theta	R_0	R_1	R_2
-5	0	0	0
-4.9	1	0	0
-4.8	1	0	0
-4.7	1	0	0
-4.6	0	0	0
-4.5	0	0	0
-4.4	0	0	0
-4.3	0	0	0
-4.2	0	0	0
-4.1	1	0	0
-4	0	0	0
-3.9	0	0	0
-3.8	0	0	0
-3.7	0	0	0
-3.6	1	0	0
-3.5	0	0	0
-3.4	0	0	0
-3.3	0	0	0
-3.2	0	0	0
-3.1	0	0	0
-3	0	0	0
-2.9	0	0	0
-2.8	1	0	0
-2.7	1	0	0
-2.6	1	0	0
-2.5	1	0	0
-2.4	0	0	0
-2.3	3	0	0
-2.2	0	0	0
-2.1	1	0	0
-2	1	0	0
-1.9	3	0	0
-1.8	4	0	0
-1.7	3	0	0
-1.6	4	0	0
-1.5	6	0	0
-1.4	5	0	0
-1.3	685	0	0
-1.2	7132	0	0
-1.1	6165	0	0
-1	5215	0	0
-0.9	4789	0	0
-0.8	4591	0	0
-0.7	4463	0	0
-0.6	4359	0	0
-0.5	4323	0	0
-0.4	4835	0	0
-0.3	6557	0	0
-0.2	6261	0	0
-0.1	2950	0	0
0	982	0	0
0.1	172	0	0
0.2	36	0	0
0.3	9	0	0
0.4	4	0	0
0.5	8	0	0
0.6	8	0	0
0.7	12	0	0
0.8	6	0	0
0.9	10	0	0
1	12	0	0
1.1	8	0	0
1.2	9	0	0
1.3	9	0	0
1.4	10	0	0
1.5	11	0	0
1.6	7	0	0
1.7	9	0	0
1.8	6	0	0
1.9	6	0	0
2	11	0	0
2.1	6	0	0
2.2	14	0	0
2.3	16	0	0
2.4	48	0	0
2.5	81	0	0
2.6	175	0	0
2.7	284	0	0
2.8	403	0	0
2.9	601	0	0
3	646	0	0
3.1	723	0	0
3.2	822	0	0
3.3	883	0	0
3.4	929	0	0
3.5	915	0	0
3.6	941	0	0
3.7	1022	0	0
3.8	982	0	0
3.9	986	0	0
4	1002	0	0
4.1	973	0	0
4.2	1024	0	0
4.3	919	0	0
4.4	888	0	0
4.5	906	0	0
4.6	921	0	0
4.7	914	0	0
4.8	870	0	0
4.9	810	0	0
5	883	0	0
5.1	830	0	0
5.2	932	0	0
5.3	1242	0	0
5.4	1372	0	0
5.5	1387	0	0
5.6	1180	0	0
5.7	1011	0	0
5.8	810	0	0
5.9	787	0	0
6	1196	0	0
6.1	1973	0	0
6.2	2410	0	0
6.3	2511	0	0
6.4	2031	0	0
6.5	1646	0	0
6.6	1013	0	0
6.7	678	0	0
6.8	523	0	0
6.9	512	0	0
7	475	0	0
7.1	459	0	0
7.2	412	0	0
7.3	435	0	0
7.4	386	0	0
7.5	400	0	0
7.6	386	0	0
7.7	363	0	0
7.8	363	0	0
7.9	347	0	0
8	335	0	0
8.1	320	0	0
8.2	321	0	0
8.3	296	0	0
8.4	264	0	0
8.5	264	0	0
8.6	231	0	0
8.7	236	0	0
8.8	227	0	0
8.9	218	0	0
9	215	0	0
9.1	225	0	0
9.2	222	0	0
9.3	203	0	0
9.4	209	0	0
9.5	160	0	0
9.6	209	0	0
9.7	189	0	0
9.8	165	0	0
9.9	197	0	0
10	172	0	0
10.1	178	0	0
10.2	187	0	0
10.3	168	0	0
10.4	161	0	0
10.5	168	0	0
10.6	185	0	0
10.7	167	0	0
10.8	153	0	0
10.9	162	0	0
11	178	0	0
11.1	140	0	0
11.2	140	0	0
11.3	112	0	0
11.4	125	0	0
11.5	128	0	0
11.6	150	0	0
11.7	161	0	0
11.8	252	0	0
11.9	278	0	0
12	329	0	0
12.1	266	0	0
12.2	185	0	0
12.3	167	0	0
12.4	131	0	0
12.5	130	0	0
12.6	116	0	0
12.7	108	0	0
12.8	118	0	0
12.9	125	0	0
13	125	0	0
13.1	101	0	0
13.2	99	0	0
13.3	135	0	0
13.4	267	0	0
13.5	490	0	0
13.6	661	0	0
13.7	728	0	0
13.8	516	0	0
13.9	312	0	0
14	198	0	0
14.1	114	0	0
14.2	82	0	0
14.3	100	0	0
14.4	102	0	0
14.5	96	0	0
14.6	77	0	0
14.7	78	0	0
14.8	69	0	0
14.9	92	0	0
15	81	0	0
15.1	83	0	0
15.2	75	0	0
15.3	77	0	0
15.4	62	0	0
15.5	66	0	0
15.6	75	0	0
15.7	72	0	0
15.8	69	0	0
15.9	69	0	0
16	71	0	0
16.1	61	0	0
16.2	63	0	0
16.3	64	0	0
16.4	62	0	0
16.5	57	0	0
16.6	51	0	0
16.7	58	0	0
16.8	51	0	0
16.9	54	0	0
17	61	0	0
17.1	44	0	0
17.2	59	0	0
17.3	39	0	0
17.4	63	0	0
17.5	49	0	0
17.6	51	0	0
17.7	58	0	0
17.8	40	0	0
17.9	55	0	0
18	60	0	0
18.1	41	0	0
18.2	54	0	0
18.3	53	0	0
18.4	61	0	0
18.5	51	0	0
18.6	88	0	0
18.7	89	0	0
18.8	94	0	0
18.9	70	0	0
19	51	0	0
19.1	46	0	0
19.2	43	0	0
19.3	34	0	0
19.4	31	0	0
19.5	35	0	0
19.6	39	0	0
19.7	40	0	0
19.8	36	0	0
19.9	36	0	0
20	37	39.33	0
20.1	39	38.17	0
20.2	38	33.93	0
20.3	41	34	0
20.4	32	35	0
20.5	30	33.3	0
20.6	26	31.67	0
20.7	39	33.03	0
20.8	33	32.07	0
20.9	44	36.57	0
21	48	52.53	0
21.1	102	93.2	0
21.2	132	146.33	0
21.3	193	192.47	0
21.4	178	163.6	0
21.5	130	114.67	0
21.6	67	66.4	0
21.7	38	38.37	0
21.8	19	30.23	0
21.9	25	26.3	0
22	27	27.27	0
22.1	28	27.47	0
22.2	15	25.07	0
22.3	23	24.67	0
22.4	31	24.33	0
22.5	14	25.43	0
22.6	29	22.2	0
22.7	20	23.23	0
22.8	24	22.53	0
22.9	25	23.73	0
23	30	20.7	0
23.1	21	20.8	0
23.2	21	21.8	0
23.3	18	21.33	0
23.4	25	20.1	0
23.5	30	20.3	0
23.6	17	20.8	0
23.7	23	21.43	0
23.8	21	18.97	0
23.9	20	18.03	0
24	14	20.2	0
24.1	20	18.97	0
24.2	17	18.3	0
24.3	16	19.47	0
24.4	15	19.1	0
24.5	20	20.2	0
24.6	10	16.97	0
24.7	20	17.1	0
24.8	20	17.73	0
24.9	15	17.57	0
25	16	17.4	0
25.1	15	18.1	0
25.2	23	17.33	0
25.3	16	18.4	0
25.4	30	19.33	0
25.5	17	18.77	0
25.6	25	20.6	0
25.7	34	23.47	0
25.8	25	27.07	0
25.9	35	23.97	0
26	18	19.4	0
26.1	16	17.3	0
26.2	23	15.47	0
26.3	10	15.43	0
26.4	19	17.17	0
26.5	15	15.93	0
26.6	13	14.9	0
26.7	15	15.23	0
26.8	14	13.7	0
26.9	15	14.23	0
27	10	13.57	0
27.1	12	14.3	0
27.2	13	14.23	0
27.3	12	12.8	0
27.4	11	13.83	0
27.5	8	13.57	0
27.6	8	13.17	0
27.7	15	12.87	0
27.8	15	12.47	0
27.9	12	13	0
28	14	11.53	0
28.1	14	13.43	0
28.2	15	13.17	0
28.3	12	12.07	0
28.4	15	13.13	0
28.5	10	13.5	0
28.6	17	11.5	0
28.7	15	12.07	0
28.8	12	12.57	0
28.9	16	12.33	0
29	14	12.77	0
29.1	24	15.8	0
29.2	29	23.97	0
29.3	40	28.83	0
29.4	47	41.57	0
29.5	42	40.43	0
29.6	39	33.73	0
29.7	25	24.33	0
29.8	11	18	0
29.9	13	14.17	0
30	13	13.03	0
30.1	14	11.2	0
30.2	10	11.8	0
30.3	9	11.17	0
30.4	6	10.7	0
30.5	9	10.33	0
30.6	16	9.93	0
30.7	12	11.2	0
30.8	15	10.4	0
30.9	15	9.17	0
31	13	10.43	0
31.1	10	9.1	0
31.2	13	8.83	0
31.3	9	9.03	0
31.4	10	9.83	0
31.5	3	8.73	0
31.6	16	10.37	0
31.7	8	10.2	0
31.8	11	8.53	0
31.9	12	9.73	0
32	12	9.43	0
32.1	10	9.03	0
32.2	11	8.87	0
32.3	17	8.53	0
32.4	10	9.7	0
32.5	10	9.2	0
32.6	6	8.9	0
32.7	9	8.67	0
32.8	11	8.53	0
32.9	13	8.23	0
33	8	8.27	0
33.1	14	8.97	0
33.2	12	9.4	0
33.3	12	10.67	0
33.4	11	10	0
33.5	10	10.1	0
33.6	8	9.57	0
33.7	8	8.23	0
33.8	8	7.4	0
33.9	14	9.57	0
34	8	8.37	0
34.1	7	7.7	0
34.2	5	7.73	0
34.3	4	8	0
34.4	4	8.27	0
34.5	7	8	0
34.6	10	7.27	0
34.7	5	7.07	0
34.8	9	7.27	0
34.9	4	7.07	0
35	4	7.53	0
35.1	9	7.3	0
35.2	12	6.23	0
35.3	1	7.1	0
35.4	10	6.97	0
35.5	9	7.03	0
35.6	9	7.1	0
35.7	7	7.6	0
35.8	6	7.47	0
35.9	8	6.67	0
36	14	7.43	0
36.1	8	6.7	0
36.2	9	6.7	0
36.3	7	6.77	0
36.4	5	6.63	0
36.5	5	6.43	0
36.6	7	6.63	0
36.7	6	6.63	0
36.8	5	6.63	0
36.9	5	6.93	0
37	11	7.57	0
37.1	10	6.53	0
37.2	5	6.43	0
37.3	10	7.23	0
37.4	5	7.5	0
37.5	8	8.2	0
37.6	12	7.03	0
37.7	6	7.07	0
37.8	8	6.8	7.6
37.9	9	6.73	0
38	10	8.83	7.9
38.1	9	8.2	0
38.2	15	10.93	11.47
38.3	10	0	0
38.4	9	0	11.33
38.5	12	0	0
38.6	7	0	9.1
38.7	6	0	0
38.8	9	0	7.13
38.9	5	0	0
39	8	0	7.5
39.1	5	0	0
39.2	4	0	6.23
39.3	10	0	0
39.4	10	0	6.4
39.5	7	0	0
39.6	6	0	0
39.7	7	0	0
39.8	8	0	0
39.9	5	0	0
40	10	0	0
40.1	4	0	0
40.2	9	0	0
40.3	7	0	0
40.4	8	0	0
40.5	5	0	0
40.6	7	0	0
40.7	8	0	0
40.8	4	0	0
40.9	4	0	0
41	5	0	0
41.1	8	0	0
41.2	6	0	0
41.3	7	0	0
41.4	5	0	0
41.5	3	0	0
41.6	3	0	0
41.7	5	0	0
41.8	4	0	0
41.9	7	0	0
42	7	0	0
42.1	8	0	0
42.2	6	0	0
42.3	3	0	0
42.4	6	0	0
42.5	7	0	0
42.6	7	0	0
42.7	9	0	0
42.8	4	0	0
42.9	6	0	0
43	7	0	0
43.1	5	0	0
43.2	9	0	0
43.3	6	0	0
43.4	5	0	0
43.5	11	0	0
43.6	8	0	0
43.7	3	0	0
43.8	7	0	0
43.9	3	0	0
44	4	0	0
44.1	4	0	0
44.2	6	0	0
44.3	8	0	0
44.4	5	0	0
44.5	5	0	0
44.6	10	0	0
44.7	8	0	0
44.8	4	0	0
44.9	4	0	0
45	8	0	0
45.1	5	0	0
45.2	4	0	0
45.3	3	0	0
45.4	8	0	0
45.5	7	0	0
45.6	7	0	0
45.7	4	0	0
45.8	8	0	0
45.9	5	0	0
46	7	0	0
46.1	5	0	0
46.2	5	0	0
46.3	3	0	0
46.4	2	0	0
46.5	4	0	0
46.6	4	0	0
46.7	2	0	0
46.8	6	0	0
46.9	5	0	0
47	8	0	0
47.1	5	0	0
47.2	9	0	0
47.3	9	0	0
47.4	3	0	0
47.5	4	0	0
47.6	12	0	0
47.7	3	0	0
47.8	7	0	0
47.9	6	0	0
48	5	0	0
48.1	6	0	0
48.2	6	0	0
48.3	6	0	0
48.4	3	0	0
48.5	5	0	0
48.6	6	0	0
48.7	6	0	0
48.8	8	0	0
48.9	3	0	0
49	8	0	0
49.1	7	0	0
49.2	5	0	0
49.3	3	0	0
49.4	7	0	0
49.5	4	0	0
49.6	6	0	0
49.7	6	0	0
49.8	5	0	0
49.9	3	0	0
50	7	0	0
50.1	8	0	0
50.2	3	0	0
50.3	9	0	0
50.4	7	0	0
50.5	8	0	0
50.6	8	0	0
50.7	4	0	0
50.8	9	0	0
50.9	1	0	0
51	3	0	0
51.1	7	0	0
51.2	4	0	0
51.3	6	0	0
51.4	6	0	0
51.5	2	0	0
51.6	3	0	0
51.7	4	0	0
51.8	4	0	0
51.9	4	0	0
52	10	0	0
52.1	3	0	0
52.2	4	0	0
52.3	5	0	0
52.4	9	0	0
52.5	6	0	0
52.6	5	0	0
52.7	6	0	0
52.8	5	0	0
52.9	6	0	0
53	2	0	0
53.1	7	0	0
53.2	10	0	0
53.3	8	0	0
53.4	7	0	0
